8270381
8712208
12606185
12677556
15077107
15110498
15231740
17557942
17574030
19403164
21246219
21603163
21670757
22229570
22411249
23622184
23652683
23687244
23716571
23734358
23793209
23817811
23849732
23858623
23954459
24032991
24316073
24342234
24523674
24533984
24611735
24619745
24655065
24695551
24705136
24715171
24715477
24715559
24769255
24915888
24950034
25008444
25080519
25439022
25447947
25458167
25672202
25682074
25692532
25752562
25888148
26002249
26003065
26031935
26141073
26201402
26273192
26492946
26542481
26568208
26586152
26790364
26820943
26861807
26925684
26968398
26987995
27015557
27074261
27100300
27140670
27146508
27346233
27442694
27475293
27488999
27578468
27580659
27685428
27709245
27888421
28101798
28174811
28198380
28377481
28449677
28539217
28608632
28618929
28623538
28625337
28653902
28689307
28786882
28863000
28958991
29039417
29548054
30391405
30397860
30405852
30419345
30419349